0 0.322937
1 0.116563
2 0.048190
3 0.033176
4 0.024424
5 0.015956
6 0.009531
7 0.005588
8 0.003400
9 0.002209
10 0.001538
11 0.001137
12 0.000881
13 0.000706
14 0.000581
15 0.000487
16 0.000415
17 0.000358
18 0.000312
19 0.000274
20 0.000243
21 0.000217
22 0.000194
23 0.000175
24 0.000159
25 0.000144
26 0.000132
27 0.000121
28 0.000111
29 0.000102
30 0.000095
31 0.000088
32 0.000082
33 0.000076
34 0.000071
35 0.000066
36 0.000062
37 0.000058
38 0.000055
39 0.000051
40 0.000049
41 0.000046
42 0.000043
43 0.000041
44 0.000039
45 0.000037
46 0.000035
47 0.000033
48 0.000032
49 0.000030
50 0.000029
51 0.000027
52 0.000026
53 0.000025
54 0.000024
55 0.000023
56 0.000022
57 0.000021
58 0.000020
59 0.000019
60 0.000019
61 0.000018
62 0.000017
63 0.000017
64 0.000016
65 0.000015
66 0.000015
67 0.000014
68 0.000014
69 0.000013
70 0.000013
71 0.000012
72 0.000012
73 0.000012
74 0.000011
75 0.000011
76 0.000011
77 0.000010
78 0.000010
79 0.000010
80 0.000009
81 0.000009
82 0.000009
83 0.000008
84 0.000008
85 0.000008
86 0.000008
87 0.000008
88 0.000007
89 0.000007
90 0.000007
91 0.000007
92 0.000007
93 0.000006
94 0.000006
95 0.000006
96 0.000006
97 0.000006
98 0.000006
99 0.000005
100 0.000005
101 0.000005
102 0.000005
103 0.000005
104 0.000005
105 0.000005
106 0.000005
107 0.000005
108 0.000004
109 0.000004
110 0.000004
111 0.000004
112 0.000004
113 0.000004
114 0.000004
115 0.000004
116 0.000004
117 0.000004
118 0.000004
119 0.000003
120 0.000003
121 0.000003
122 0.000003
123 0.000003
124 0.000003
125 0.000003
126 0.000003
127 0.000003
128 0.000003
129 0.000003
130 0.000003
131 0.000003
132 0.000003
133 0.000003
134 0.000003
135 0.000003
136 0.000002
137 0.000002
138 0.000002
139 0.000002
140 0.000002
141 0.000002
142 0.000002
143 0.000002
144 0.000002
145 0.000002
146 0.000002
147 0.000002
148 0.000002
149 0.000002
150 0.000002
151 0.000002
152 0.000002
153 0.000002
154 0.000002
155 0.000002
156 0.000002
157 0.000002
158 0.000002
159 0.000002
160 0.000002
161 0.000002
162 0.000002
163 0.000002
164 0.000002
165 0.000002
166 0.000002
167 0.000001
168 0.000001
169 0.000001
170 0.000001
171 0.000001
172 0.000001
173 0.000001
174 0.000001
175 0.000001
176 0.000001
177 0.000001
178 0.000001
179 0.000001
180 0.000001
181 0.000001
182 0.000001
183 0.000001
184 0.000001
185 0.000001
186 0.000001
187 0.000001
188 0.000001
189 0.000001
190 0.000001
191 0.000001
192 0.000001
193 0.000001
194 0.000001
195 0.000001
196 0.000001
197 0.000001
198 0.000001
199 0.000001
