0 0.169514
1 0.095684
2 0.047334
3 0.027584
4 0.018569
5 0.013311
6 0.009780
7 0.007286
8 0.005496
9 0.004197
10 0.003244
11 0.002537
12 0.002005
13 0.001601
14 0.001290
15 0.001047
16 0.000857
17 0.000706
18 0.000585
19 0.000488
20 0.000409
21 0.000345
22 0.000293
23 0.000250
24 0.000214
25 0.000185
26 0.000161
27 0.000141
28 0.000124
29 0.000110
30 0.000098
31 0.000088
32 0.000080
33 0.000073
34 0.000067
35 0.000062
36 0.000057
37 0.000053
38 0.000050
39 0.000047
40 0.000045
41 0.000043
42 0.000041
43 0.000039
44 0.000038
45 0.000036
46 0.000035
47 0.000034
48 0.000033
49 0.000032
50 0.000031
51 0.000030
52 0.000030
53 0.000029
54 0.000028
55 0.000028
56 0.000027
57 0.000027
58 0.000026
59 0.000026
60 0.000025
61 0.000025
62 0.000024
63 0.000024
64 0.000023
65 0.000023
66 0.000022
67 0.000022
68 0.000022
69 0.000021
70 0.000021
71 0.000020
72 0.000020
73 0.000020
74 0.000019
75 0.000019
76 0.000019
77 0.000018
78 0.000018
79 0.000018
80 0.000017
81 0.000017
82 0.000017
83 0.000017
84 0.000016
85 0.000016
86 0.000016
87 0.000015
88 0.000015
89 0.000015
90 0.000015
91 0.000014
92 0.000014
93 0.000014
94 0.000014
95 0.000013
96 0.000013
97 0.000013
98 0.000013
99 0.000012
100 0.000012
101 0.000012
102 0.000012
103 0.000012
104 0.000011
105 0.000011
106 0.000011
107 0.000011
108 0.000011
109 0.000011
110 0.000010
111 0.000010
112 0.000010
113 0.000010
114 0.000010
115 0.000009
116 0.000009
117 0.000009
118 0.000009
119 0.000009
120 0.000009
121 0.000009
122 0.000008
123 0.000008
124 0.000008
125 0.000008
126 0.000008
127 0.000008
128 0.000008
129 0.000007
130 0.000007
131 0.000007
132 0.000007
133 0.000007
134 0.000007
135 0.000007
136 0.000007
137 0.000007
138 0.000006
139 0.000006
140 0.000006
141 0.000006
142 0.000006
143 0.000006
144 0.000006
145 0.000006
146 0.000006
147 0.000006
148 0.000005
149 0.000005
150 0.000005
151 0.000005
152 0.000005
153 0.000005
154 0.000005
155 0.000005
156 0.000005
157 0.000005
158 0.000005
159 0.000005
160 0.000004
161 0.000004
162 0.000004
163 0.000004
164 0.000004
165 0.000004
166 0.000004
167 0.000004
168 0.000004
169 0.000004
170 0.000004
171 0.000004
172 0.000004
173 0.000004
174 0.000004
175 0.000003
176 0.000003
177 0.000003
178 0.000003
179 0.000003
180 0.000003
181 0.000003
182 0.000003
183 0.000003
184 0.000003
185 0.000003
186 0.000003
187 0.000003
188 0.000003
189 0.000003
190 0.000003
191 0.000003
192 0.000003
193 0.000003
194 0.000003
195 0.000003
196 0.000003
197 0.000002
198 0.000002
199 0.000002
