0 0.263342
1 0.081607
2 0.023011
3 0.009951
4 0.005740
5 0.003794
6 0.002715
7 0.002058
8 0.001634
9 0.001345
10 0.001139
11 0.000986
12 0.000867
13 0.000773
14 0.000696
15 0.000632
16 0.000577
17 0.000530
18 0.000489
19 0.000452
20 0.000420
21 0.000392
22 0.000366
23 0.000343
24 0.000322
25 0.000303
26 0.000285
27 0.000269
28 0.000255
29 0.000241
30 0.000229
31 0.000218
32 0.000207
33 0.000197
34 0.000188
35 0.000179
36 0.000171
37 0.000164
38 0.000157
39 0.000150
40 0.000144
41 0.000138
42 0.000133
43 0.000128
44 0.000123
45 0.000118
46 0.000114
47 0.000110
48 0.000106
49 0.000102
50 0.000098
51 0.000095
52 0.000092
53 0.000089
54 0.000086
55 0.000083
56 0.000080
57 0.000078
58 0.000075
59 0.000073
60 0.000071
61 0.000068
62 0.000066
63 0.000064
64 0.000062
65 0.000060
66 0.000059
67 0.000057
68 0.000055
69 0.000054
70 0.000052
71 0.000051
72 0.000049
73 0.000048
74 0.000047
75 0.000046
76 0.000044
77 0.000043
78 0.000042
79 0.000041
80 0.000040
81 0.000039
82 0.000038
83 0.000037
84 0.000036
85 0.000035
86 0.000034
87 0.000034
88 0.000033
89 0.000032
90 0.000031
91 0.000031
92 0.000030
93 0.000029
94 0.000029
95 0.000028
96 0.000027
97 0.000027
98 0.000026
99 0.000026
100 0.000025
101 0.000025
102 0.000024
103 0.000024
104 0.000023
105 0.000023
106 0.000022
107 0.000022
108 0.000021
109 0.000021
110 0.000020
111 0.000020
112 0.000020
113 0.000019
114 0.000019
115 0.000019
116 0.000018
117 0.000018
118 0.000018
119 0.000017
120 0.000017
121 0.000017
122 0.000016
123 0.000016
124 0.000016
125 0.000016
126 0.000015
127 0.000015
128 0.000015
129 0.000015
130 0.000014
131 0.000014
132 0.000014
133 0.000014
134 0.000013
135 0.000013
136 0.000013
137 0.000013
138 0.000013
139 0.000012
140 0.000012
141 0.000012
142 0.000012
143 0.000012
144 0.000011
145 0.000011
146 0.000011
147 0.000011
148 0.000011
149 0.000011
150 0.000011
151 0.000010
152 0.000010
153 0.000010
154 0.000010
155 0.000010
156 0.000010
157 0.000010
158 0.000009
159 0.000009
160 0.000009
161 0.000009
162 0.000009
163 0.000009
164 0.000009
165 0.000009
166 0.000008
167 0.000008
168 0.000008
169 0.000008
170 0.000008
171 0.000008
172 0.000008
173 0.000008
174 0.000008
175 0.000008
176 0.000007
177 0.000007
178 0.000007
179 0.000007
180 0.000007
181 0.000007
182 0.000007
183 0.000007
184 0.000007
185 0.000007
186 0.000007
187 0.000006
188 0.000006
189 0.000006
190 0.000006
191 0.000006
192 0.000006
193 0.000006
194 0.000006
195 0.000006
196 0.000006
197 0.000006
198 0.000006
199 0.000006
