0 0.174688
1 0.095734
2 0.044082
3 0.022554
4 0.013349
5 0.008810
6 0.006245
7 0.004642
8 0.003572
9 0.002828
10 0.002295
11 0.001904
12 0.001610
13 0.001384
14 0.001206
15 0.001063
16 0.000946
17 0.000847
18 0.000763
19 0.000691
20 0.000627
21 0.000571
22 0.000521
23 0.000476
24 0.000436
25 0.000399
26 0.000366
27 0.000336
28 0.000309
29 0.000285
30 0.000262
31 0.000241
32 0.000223
33 0.000206
34 0.000190
35 0.000176
36 0.000163
37 0.000151
38 0.000140
39 0.000129
40 0.000120
41 0.000112
42 0.000104
43 0.000097
44 0.000090
45 0.000084
46 0.000079
47 0.000073
48 0.000069
49 0.000064
50 0.000060
51 0.000056
52 0.000053
53 0.000050
54 0.000047
55 0.000044
56 0.000041
57 0.000039
58 0.000037
59 0.000035
60 0.000033
61 0.000031
62 0.000029
63 0.000028
64 0.000026
65 0.000025
66 0.000024
67 0.000023
68 0.000022
69 0.000020
70 0.000020
71 0.000019
72 0.000018
73 0.000017
74 0.000016
75 0.000015
76 0.000015
77 0.000014
78 0.000013
79 0.000013
80 0.000012
81 0.000012
82 0.000011
83 0.000011
84 0.000010
85 0.000010
86 0.000010
87 0.000009
88 0.000009
89 0.000009
90 0.000008
91 0.000008
92 0.000008
93 0.000007
94 0.000007
95 0.000007
96 0.000007
97 0.000006
98 0.000006
99 0.000006
100 0.000006
101 0.000006
102 0.000005
103 0.000005
104 0.000005
105 0.000005
106 0.000005
107 0.000005
108 0.000004
109 0.000004
110 0.000004
111 0.000004
112 0.000004
113 0.000004
114 0.000004
115 0.000004
116 0.000003
117 0.000003
118 0.000003
119 0.000003
120 0.000003
121 0.000003
122 0.000003
123 0.000003
124 0.000003
125 0.000003
126 0.000003
127 0.000003
128 0.000002
129 0.000002
130 0.000002
131 0.000002
132 0.000002
133 0.000002
134 0.000002
135 0.000002
136 0.000002
137 0.000002
138 0.000002
139 0.000002
140 0.000002
141 0.000002
142 0.000002
143 0.000002
144 0.000002
145 0.000002
146 0.000002
147 0.000002
148 0.000002
149 0.000001
150 0.000001
151 0.000001
152 0.000001
153 0.000001
154 0.000001
155 0.000001
156 0.000001
157 0.000001
158 0.000001
159 0.000001
160 0.000001
161 0.000001
162 0.000001
163 0.000001
164 0.000001
165 0.000001
166 0.000001
167 0.000001
168 0.000001
169 0.000001
170 0.000001
171 0.000001
172 0.000001
173 0.000001
174 0.000001
175 0.000001
176 0.000001
177 0.000001
178 0.000001
179 0.000001
180 0.000001
181 0.000001
182 0.000001
183 0.000001
184 0.000001
185 0.000001
186 0.000001
187 0.000001
188 0.000001
189 0.000001
190 0.000001
191 0.000001
192 0.000001
193 0.000001
194 0.000001
195 0.000001
196 0.000001
197 0.000001
198 0.000001
199 0.000001
